sudoku_01 = [[0, 9, 8, 7, 0, 3, 0, 0, 2],
           [7, 0, 4, 0, 0, 0, 5, 0, 0],
           [0, 3, 0, 0, 0, 8, 4, 0, 9],
           [8, 0, 0, 9, 0, 2, 0, 0, 5],
           [0, 4, 0, 0, 1, 5, 0, 0, 6],
           [0, 5, 6, 4, 0, 7, 0, 9, 1],
           [0, 0, 7, 5, 8, 0, 0, 0, 3],
           [0, 0, 5, 0, 0, 0, 6, 8, 0],
           [6, 0, 3, 1, 0, 9, 0, 0, 4]]

sudoku_02 = [[5, 9, 8, 7, 4, 3, 1, 6, 2],
             [7, 6, 4, 2, 9, 1, 5, 3, 8],
             [1, 3, 2, 6, 5, 8, 4, 7, 9],
             [8, 7, 1, 9, 6, 2, 3, 4, 5],
             [3, 4, 9, 8, 1, 5, 7, 2, 6],
             [2, 5, 6, 4, 3, 7, 8, 9, 1],
             [4, 2, 7, 5, 8, 6, 9, 1, 3],
             [9, 1, 5, 3, 2, 4, 6, 8, 7],
             [6, 8, 3, 1, 7, 9, 2, 5, 4]]

sudoku_03 = [[[4, 2, 9] , [4, 5, 9] , 7, [4, 2, 9] , 1, 3, [4, 5, 9] , 6, 8] ,
             [[1, 2, 4, 6, 9] , [1, 4, 5, 6, 9] , [2, 3, 4, 5, 6] , [2, 4, 6, 9] , 8, 7, [3, 4, 5, 9] , [3, 4, 5, 9] , [2, 5, 9]] ,
             [[1, 2, 4, 6, 8, 9] , [1, 4, 6] , [2, 3, 4, 6] , [2, 4, 6, 9] , 5, [4] , [1, 3, 4, 9] , [3, 4, 9] , 7] ,
             [[6, 7] , 8, 1, [3] , 4, 5, [9] , 2, [6, 9]] ,
             [[4] , 3, 9, 7, [2] , 6, 8, [4, 5] , 1] ,
             [5, 2, [4, 6] , [8] , 9, 1, [4] , [4, 7] , 3] ,
             [[1, 6, 9] , [1, 5, 6, 9] , 8, [1, 5, 6] , [6] , 2, 7, [5, 3, 9] , 4] ,
             [[4, 6, 9] , 7, [4, 5, 6] , [4, 5, 6] , 3, 8, 2, 1, [5, 9]] ,
             [3, [1, 4, 5] , [2, 4, 5] , [1, 4, 5] , 7, 9, 6, [5, 8] , 5]]
